Core 1 3 0.4635 52.74 4988.86 3
Core 2 3 0.4635 52.74 4988.86 3
Core 3 3 0.4635 52.74 4988.86 3
Core 4 3 0.4635 52.74 4988.86 3
Upper_Plenum 5 1.5 158 136.2 0 1.5
Hot_Leg 6 20 29 4.59 0 0
Steam_Generator 7 9.54 0.6075 13.35 1054.9 9.54
Steam_Generator 8 9.54 0.6075 13.35 1054.9 9.54
Steam_Generator 9 9.54 0.6075 13.35 1054.9 9.54
Steam_Generator 10 9.54 0.6075 13.35 1054.9 0
Steam_Generator 11 9.54 0.6075 13.35 1054.9 -9.54
Steam_Generator 12 9.54 0.6075 13.35 1054.9 -9.54
Steam_Generator 13 9.54 0.6075 13.35 1054.9 -9.54
Cold_Leg 14 40 27.5 4.12 0 0
Downcomer 15 18.4 15 6.77 0 -13.5
Lower_Plenum 16 7.2 173 163.2 0 0
